1 73 2 1 1
1 55 2 0 0
1 50 1 1 1
1 39 1 0 0
2 57 0 1 3
2 51 1 0 0
1 63 2 0 0
1 57 2 1 1
1 54 2 1 1
1 53 2 0 0
2 45 0 0 0
1 67 1 0 0
1 38 2 3 3
1 73 1 0 0
2 52 2 0 0
1 60 0 0 0
1 46 2 0 0
1 58 0 0 0
1 41 0 0 0
1 64 2 0 0
1 55 2 0 0
1 67 2 3 5
1 41 1 1 1
1 44 2 5 23
2 56 2 4 19
2 48 2 0 0
1 61 1 0 0
1 30 0 2 2
1 46 1 2 9
2 54 2 0 0
1 50 1 0 0
1 73 0 0 0
1 63 3 4 4
2 63 2 1 2
2 55 2 0 0
1 64 2 0 0
1 66 2 2 4
1 67 2 0 0
2 48 3 0 0
1 50 2 5 26
2 48 2 0 0
2 50 3 0 0
2 35 2 3 4
1 68 2 5 5
1 46 2 4 4
1 67 0 0 0
2 56 3 0 0
1 55 2 0 0
1 56 2 0 0
2 50 3 1 1
1 62 2 1 1
1 63 2 0 0
1 41 2 1 1
1 48 2 2 2
1 47 0 0 0
1 60 2 0 0
2 49 2 4 28
1 68 0 0 0
2 63 2 1 2
1 51 2 1 1
1 49 2 1 1
2 48 2 0 0
1 54 2 0 0
1 69 2 0 0
2 57 3 1 6
1 72 2 0 0
1 67 2 0 0
2 60 2 0 0
1 59 0 0 0
1 25 1 0 0
2 45 2 5 13
2 52 1 0 0
2 59 2 1 1
2 72 2 0 0
2 36 1 1 1
1 67 2 0 0
2 54 0 0 0
1 53 3 0 0
1 47 1 1 1
1 63 2 0 0
2 69 0 0 0
2 43 2 4 9
1 81 1 0 0
2 63 0 0 0
1 45 1 2 5
1 45 2 0 0
1 68 2 0 0
2 47 0 0 0
1 20 3 5 10
1 51 2 0 0
1 46 2 0 0
1 57 2 0 0
2 65 0 0 0
2 59 2 0 0
1 73 2 0 0
2 48 0 0 0
2 68 2 0 0
1 50 2 0 0
2 68 2 0 0
1 34 2 0 0
2 53 2 0 0
